13246111539
10095244900
4768275408
11333502992
9492852385
206387928
12904096633
1829464590
3209060178
9492099893
303086566
12817715700
12978596839
3263691747
997259327
9445232847
5936447509
4210195121
3219666635
8721457493
5544072873
6965753710
8442503781
173994194
561083787
4703001816
13479461507
9201300197
12732144200
3076587663
2250269822
5973616
215407348
735506930
4077337333
5547477116
7882342076
12857299459
294085087
7037275944
11677264167
10716598097
4650926389
1179139376
9910498025
6557971243
3145423112
3515887064
44803619
927058700
5701155370
13036003847
9063092362
13063792643
5762738598
5889961588
10374050499
7511477431
8241666857
13150059818
3870147944
8368801064
13581969181
9036230355
12007746173
13516013156
4249488879
10000434500
518376855
7290233347
7359533624
9614668792
3579532586
9127416149
247655194
10000208474
7364792804
6476924249
4228396218
1227583911
9299907069
4135476115
13525596343
12351750081
11411089291
13297685539
9073575577
11829229742
8130321180
13511284415
7198074204
9381059175
7638904572
407332629
3626909128
8017277961
7371388074
9856327521
7594202705
8541027033
12905355549
2981601585
8669201747
1978064052
9925404525
4512403402
13331397435
11685224197
2294467554
10443108940
7819281085
13089191273
12967435097
8922212940
9382075790
8459565522
2202199269
1795965117
12496068887
4119275844
4198920243
13482859127
8034659693
6952309907
8412993677
4820277325
7144738961
4463142021
274146987
3973285770
1681956739
17416363
305110246
498803794
197129774
7909477157
3257067781
10456388710
4226522041
10470991254
301332208
2357171466
10861703862
10654050719
11932175889
11848571808
6386378068
814601810
2097699323
1365299625
11904120730
11294673826
5822504405
5731985273
7574556841
7389798278
3071639349
930326245
6020887648
1413545773
12852652923
8049530496
1694666339
1735223069
7135789910
1069706823
53306247
12791833739
7284815217
8361227594
11616491152
214664554
3253509436
7757211075
7814597761
9211272748
12610034716
8987671383
13073583436
9905835094
3250691934
12903043786
10661707890
11292032755
1182018032
11352264745
9010996927
4140307404
8611893603
9625183833
8082605930
35187837
55976765
468318692
277330114
4063099440
1570443282
6842938245
11126718362
8584503694
2328457557
2201428808
576233045
3803938
5995334911
10950706467
13014193317
