13705000168
4934527387
1972461211
7843597639
1683746221
7809259107
1280334266
7894277
13709825108
12763132195
6859588959
9040533999
9141858841
6190067232
7156732277
11469754039
13386832365
9371839531
13232751666
2249300881
5753637197
8512848340
9220901681
4730844329
5390679275
13500085049
7360047003
7183847346
1478462260
10513810197
5445671380
15886088
2036000654
7035288372
1528141926
11870453610
3431903046
11919049220
7465673870
8239867898
1563047303
7941846653
1825167502
5856381603
13242405871
11440337764
12387849065
51984241
11647919130
13347492826
5740148100
2000467452
1396299782
297698442
7625176880
220095618
7407300296
10418979592
6970722100
8691227352
7089423673
1473815579
4487296915
348491655
5870919880
6321991221
8626226590
1442850362
6677623430
10432895862
7759483340
236940624
8565686923
9504077914
12395612454
10816916485
198692609
12986415590
11595987366
13282679725
13268790965
13492607602
5970163592
11874664097
4184447662
255277542
514507059
13354667363
7607167908
12872215289
6348941794
12844276704
3525318145
1556488790
7231472957
6684190934
260460666
5676545184
8320786796
3212447124
178491467
1140552811
8095273247
6426683140
8891957534
1272489706
1599171634
9300142092
8717835134
1692099095
12740663288
7815949614
366324332
12988037119
12572487513
5885452217
13528941187
3113933439
297354654
40944802
13350967547
6433242603
12796910555
1508139301
6958041568
226071682
10503845037
13215634277
8391097823
8782759646
6995037058
5629270248
8264198547
6976085748
13138027672
6376679171
4195807386
10266572760
6225948348
8639098569
6538708476
12033624619
1754659597
3089090441
486033297
30848288
12270428287
11041814550
3438827638
181253432
13130294907
7838261232
6933668764
7430225829
6876369581
7546206078
13504213791
8396264618
7799271096
1547347809
13722256399
13449321861
10503238477
3650792
54119577
3271439669
2440112609
702394426
13342864182
9299645551
7999346528
13251331142
1586649618
2612693601
13532266184
1918907804
13379845745
8183165806
904570348
4129610774
13473170524
10195010942
8797957020
11149152600
4332246453
8139417750
7711492438
13153387226
13475953731
11875412105
6033942220
12062658977
1373153964
5371726854
1307943132
197774097
11851658078
10349669274
1136193985
7143823865
4563899404
5403119639
11147257693
5963998673
1576189464
9475925315
349126262
363251035
300371807
13337983424
1738364212
7516543277
2013024542
13388324838
7931799895
4037073074
225359381
1427717833
4474864794
7161242757
4710681663
174951869
572999531
7137876839
8421518670
1647558401
13008206126
588758971
10108828764
1411268958
30661518
9426085627
10007523304
466234735
6150431935
7308213866
359244903
12745183531
8759093875
11677228559
5391931760
8785312128
959529259
4181879625
3977505937
714226090
4563933051
585243665
6239394042
1724044035
10370543941
7585110966
403436823
5800848592
2874135093
431483807
1582724277
7497583537
381948889
5583566811
1453141848
1912609075
9164529043
7008543123
180766823
8474152916
11073268324
1940484621
8721514669
9131769399
524434576
2060301978
10322416735
12241149715
11863820444
8277582719
8028782716
4225538304
6133136720
6740555135
1528744080
10192308852
7372924854
5814655570
3232441329
6509637931
1656234315
3663372607
11102063814
8546532338
3125799343
263562685
7481422773
5616712423
8633364261
9138533213
13368924494
6907063653
5643947433
13132948955
7161330614
13527084327
6316403688
12967478580
1506526027
8912303832
6026762520
10586095663
10689856274
9495776782
12757429600
2117016229
13474767308
1357370926
1519144303
13449565815
13134708782
13457837087
12365813156
5503236397
10838574201
8494576220
12827097399
26226105
4582249509
1952774540
6053001282
816141157
8228601238
332392748
512323366
2252188222
1904673503
7287084878
35002615
12063374349
7187976873
321314043
13042759241
4098990443
6128547998
5498973291
11568656334
8097029968
2032910677
12066586055
7802643545
29413291
390260338
12892643230
11848829502
3560436
7153642136
1901732040
6118132264
10157469605
1584455515
13522704573
29176549
2024738393
11060622778
22105235
1553560119
4674598435
32927901
13387925833
6380211148
7313018931
